piece: Queen
game_played: 10000
(0.2, 1000000): 0.0708
(0.2, 1500000): 0.114
(0.2, 2000000): 0.1778
(0.2, 2500000): 0.2258
(0.2, 3000000): 0.3028
(0.2, 3500000): 0.3494
(0.2, 4000000): 0.4224
(0.2, 4500000): 0.478
(0.2, 5000000): 0.5624
(0.4, 1000000): 0.2519
(0.4, 1500000): 0.4077
(0.4, 2000000): 0.5603
(0.4, 2500000): 0.6953
(0.4, 3000000): 0.7815
(0.4, 3500000): 0.8339
(0.4, 4000000): 0.8639
(0.4, 4500000): 0.8736
(0.4, 5000000): 0.8735
(0.6, 1000000): 0.5369
(0.6, 1500000): 0.7744
(0.6, 2000000): 0.8676
(0.6, 2500000): 0.8759
(0.6, 3000000): 0.8761
(0.6, 3500000): 0.8845
(0.6, 4000000): 0.8768
(0.6, 4500000): 0.8804
(0.6, 5000000): 0.8795
(0.8, 1000000): 0.8518
(0.8, 1500000): 0.879
(0.8, 2000000): 0.8792
(0.8, 2500000): 0.8781
(0.8, 3000000): 0.8809
(0.8, 3500000): 0.8813
(0.8, 4000000): 0.8813
(0.8, 4500000): 0.8769
(0.8, 5000000): 0.8814
