piece: Rook
game_played: 10000
(0.2, 1000000): 0.4868
(0.2, 1500000): 0.5028
(0.2, 2000000): 0.6055
(0.2, 2500000): 0.6608
(0.2, 3000000): 0.6987
(0.2, 3500000): 0.7462
(0.2, 4000000): 0.7804
(0.2, 4500000): 0.7973
(0.2, 5000000): 0.8114
(0.4, 1000000): 0.5507
(0.4, 1500000): 0.664
(0.4, 2000000): 0.7428
(0.4, 2500000): 0.7891
(0.4, 3000000): 0.8123
(0.4, 3500000): 0.8446
(0.4, 4000000): 0.864
(0.4, 4500000): 0.8759
(0.4, 5000000): 0.8893
(0.6, 1000000): 0.6638
(0.6, 1500000): 0.7876
(0.6, 2000000): 0.8433
(0.6, 2500000): 0.8759
(0.6, 3000000): 0.8942
(0.6, 3500000): 0.9056
(0.6, 4000000): 0.902
(0.6, 4500000): 0.9076
(0.6, 5000000): 0.9104
(0.8, 1000000): 0.8118
(0.8, 1500000): 0.8942
(0.8, 2000000): 0.9084
(0.8, 2500000): 0.9091
(0.8, 3000000): 0.9088
(0.8, 3500000): 0.9069
(0.8, 4000000): 0.9145
(0.8, 4500000): 0.9117
(0.8, 5000000): 0.9073
