piece: Queen
(0.1, 1000000): 0.1262
(0.1, 2000000): 0.2968
(0.1, 3000000): 0.4443
(0.1, 4000000): 0.6247
(0.1, 5000000): 0.7263
(0.2, 1000000): 0.2419
(0.2, 2000000): 0.5082
(0.2, 3000000): 0.7067
(0.2, 4000000): 0.813
(0.2, 5000000): 0.8642
(0.3, 1000000): 0.3008
(0.3, 2000000): 0.6526
(0.3, 3000000): 0.8157
(0.3, 4000000): 0.8681
(0.3, 5000000): 0.8759
(0.4, 1000000): 0.4814
(0.4, 2000000): 0.804
(0.4, 3000000): 0.8693
(0.4, 4000000): 0.88
(0.4, 5000000): 0.8751
(0.5, 1000000): 0.6433
(0.5, 2000000): 0.8668
(0.5, 3000000): 0.884
(0.5, 4000000): 0.8801
(0.5, 5000000): 0.879
(0.6, 1000000): 0.7886
(0.6, 2000000): 0.8793
(0.6, 3000000): 0.8786
(0.6, 4000000): 0.8763
(0.6, 5000000): 0.8813
(0.7, 1000000): 0.8593
(0.7, 2000000): 0.8786
(0.7, 3000000): 0.8799
(0.7, 4000000): 0.8801
(0.7, 5000000): 0.8838
(0.8, 1000000): 0.8798
(0.8, 2000000): 0.8779
(0.8, 3000000): 0.8805
(0.8, 4000000): 0.8752
(0.8, 5000000): 0.8801
(0.9, 1000000): 0.8766
(0.9, 2000000): 0.8821
(0.9, 3000000): 0.879
(0.9, 4000000): 0.8795
(0.9, 5000000): 0.8822
(0.99, 1000000): 0.879
(0.99, 2000000): 0.8788
(0.99, 3000000): 0.8815
(0.99, 4000000): 0.876
(0.99, 5000000): 0.8774
piece: Queen
game_played: 10000
(0.1, 1500000): 0.2335
(0.1, 2500000): 0.3723
(0.1, 3500000): 0.5335
(0.1, 4500000): 0.6781
(0.2, 1500000): 0.3544
(0.2, 2500000): 0.6172
(0.2, 3500000): 0.7682
(0.2, 4500000): 0.8427
(0.3, 1500000): 0.4902
(0.3, 2500000): 0.756
(0.3, 3500000): 0.8445
(0.3, 4500000): 0.8738
(0.4, 1500000): 0.6956
(0.4, 2500000): 0.8528
(0.4, 3500000): 0.8804
(0.4, 4500000): 0.8737
(0.5, 1500000): 0.8113
(0.5, 2500000): 0.8758
(0.5, 3500000): 0.8768
(0.5, 4500000): 0.8815
(0.6, 1500000): 0.868
(0.6, 2500000): 0.881
(0.6, 3500000): 0.8808
(0.6, 4500000): 0.8769
(0.7, 1500000): 0.878
(0.7, 2500000): 0.8805
(0.7, 3500000): 0.8755
(0.7, 4500000): 0.8773
(0.8, 1500000): 0.8794
(0.8, 2500000): 0.8794
(0.8, 3500000): 0.8793
(0.8, 4500000): 0.8776
