piece: Rook
game_played: 10000
(0.2, 1000000): 0.1604
(0.2, 1500000): 0.1491
(0.2, 2000000): 0.1907
(0.2, 2500000): 0.2451
(0.2, 3000000): 0.3244
(0.2, 3500000): 0.3625
(0.2, 4000000): 0.4169
(0.2, 4500000): 0.4806
(0.2, 5000000): 0.5509
(0.4, 1000000): 0.2256
(0.4, 1500000): 0.3765
(0.4, 2000000): 0.5269
(0.4, 2500000): 0.6912
(0.4, 3000000): 0.7928
(0.4, 3500000): 0.8546
(0.4, 4000000): 0.8868
(0.4, 4500000): 0.9069
(0.4, 5000000): 0.9075
(0.6, 1000000): 0.4849
(0.6, 1500000): 0.7933
(0.6, 2000000): 0.8835
(0.6, 2500000): 0.9132
(0.6, 3000000): 0.9139
(0.6, 3500000): 0.9021
(0.6, 4000000): 0.9089
(0.6, 4500000): 0.9046
(0.6, 5000000): 0.909
(0.8, 1000000): 0.8845
(0.8, 1500000): 0.9131
(0.8, 2000000): 0.9083
(0.8, 2500000): 0.9137
(0.8, 3000000): 0.913
(0.8, 3500000): 0.9069
(0.8, 4000000): 0.9108
(0.8, 4500000): 0.9033
(0.8, 5000000): 0.9067
