piece: Queen
game_played: 10000
(0.2, 1000000): 0.3355
(0.2, 1500000): 0.464
(0.2, 2000000): 0.585
(0.2, 2500000): 0.6499
(0.2, 3000000): 0.693
(0.2, 3500000): 0.7275
(0.2, 4000000): 0.7577
(0.2, 4500000): 0.7719
(0.2, 5000000): 0.805
(0.4, 1000000): 0.4895
(0.4, 1500000): 0.6195
(0.4, 2000000): 0.7224
(0.4, 2500000): 0.7712
(0.4, 3000000): 0.8185
(0.4, 3500000): 0.8391
(0.4, 4000000): 0.8541
(0.4, 4500000): 0.8651
(0.4, 5000000): 0.8704
(0.6, 1000000): 0.6482
(0.6, 1500000): 0.7679
(0.6, 2000000): 0.8376
(0.6, 2500000): 0.8596
(0.6, 3000000): 0.8672
(0.6, 3500000): 0.8807
(0.6, 4000000): 0.877
(0.6, 4500000): 0.8702
(0.6, 5000000): 0.88
(0.8, 1000000): 0.8096
(0.8, 1500000): 0.8698
(0.8, 2000000): 0.8825
(0.8, 2500000): 0.8786
(0.8, 3000000): 0.876
(0.8, 3500000): 0.8739
(0.8, 4000000): 0.8837
(0.8, 4500000): 0.8737
(0.8, 5000000): 0.8748
